-9997
-9997
-9932
-9932
-9893
-9893
-9883
-9883
-9814
-9814
-9724
-9724
-9708
-9708
-9642
-9642
-9633
-9633
-9538
-9538
-9283
-9283
-9206
-9206
-9113
-9113
-9023
-9023
-9016
-9016
-9005
-9005
-9000
-9000
-8928
-8928
-8730
-8730
-8729
-8729
-8586
-8586
-8526
-8526
-8454
-8454
-8443
-8443
-8399
-8399
-8398
-8398
-8108
-8108
-8071
-8071
-8033
-8033
-7974
-7974
-7879
-7879
-7834
-7834
-7675
-7675
-7624
-7624
-7608
-7608
-7538
-7538
-7448
-7448
-7325
-7325
-7312
-7312
-7309
-7309
-7259
-7259
-7197
-7197
-7106
-7106
-6995
-6995
-6922
-6922
-6906
-6906
-6895
-6895
-6842
-6842
-6782
-6782
-6563
-6563
-6534
-6534
-6352
-6352
-6258
-6258
-5857
-5857
-5813
-5813
-5807
-5807
-5530
-5530
-5402
-5402
-5246
-5246
-5115
-5115
-5092
-5092
-4900
-4900
-4730
-4730
-4688
-4688
-4658
-4658
-4603
-4603
-4578
-4578
-4534
-4534
-4482
-4482
-4409
-4409
-4375
-4375
-4068
-4068
-4061
-4061
-4035
-4035
-3981
-3981
-3940
-3940
-3806
-3806
-3511
-3511
-3432
-3432
-3303
-3303
-3111
-3111
-3031
-3031
-2894
-2894
-2862
-2862
-2836
-2836
-2831
-2831
-2800
-2800
-2755
-2755
-2522
-2522
-2482
-2482
-2232
-2232
-2210
-2210
-2188
-2188
-2061
-2061
-2036
-2036
-1974
-1974
-1967
-1967
-1942
-1942
-1928
-1928
-1919
-1919
-1849
-1849
-1779
-1779
-1632
-1632
-1535
-1535
-1530
-1530
-1488
-1488
-1329
-1329
-1328
-1328
-1251
-1251
-1180
-1180
-1155
-1155
-1129
-1129
-1096
-1096
-975
-975
-759
-759
-752
-752
-741
-741
-722
-722
-680
-680
-610
-610
-483
-483
-468
-468
-457
-457
-444
-444
-434
-434
-377
-377
-346
-346
-185
-185
-159
-159
-93
-93
-68
-68
-53
-53
-23
-23
-2
-2
6
6
14
14
284
284
324
324
461
461
515
515
925
925
1281
1281
1323
1323
1365
1365
1403
1403
1531
1531
1581
1581
1637
1637
1759
1759
1882
1882
1918
1918
1923
1923
2182
2182
2192
2192
2206
2206
2419
2419
2457
2457
2458
2458
2524
2524
2645
2645
2734
2734
2786
2786
3079
3079
3138
3138
3474
3474
3495
3495
3502
3502
3531
3531
3782
3782
3874
3874
3891
3891
3910
3910
3919
3919
4166
4166
4266
4266
4275
4275
4303
4303
4322
4322
4339
4339
4362
4362
4421
4421
4521
4521
4568
4568
4615
4615
4620
4620
4663
4663
4696
4696
4702
4702
4707
4707
4734
4734
4750
4750
4836
4836
5054
5054
5067
5067
5257
5257
5353
5353
5373
5373
5407
5407
5441
5441
5463
5463
5518
5518
5527
5527
5555
5555
5655
5655
5776
5776
5812
5812
5845
5845
5955
5955
6219
6219
6253
6253
6279
6279
6424
6424
6512
6512
6679
6679
6745
6745
6817
6817
6822
6822
6970
6970
6990
6990
7078
7078
7170
7170
7190
7190
7234
7234
7275
7275
7285
7285
7344
7344
7425
7425
7479
7479
7603
7603
7971
7971
7989
7989
8092
8092
8124
8693
8693
8972
8972
9063
9063
9146
9146
9173
9173
9178
9178
9209
9209
9236
9236
9247
9247
9300
9300
9362
9362
9477
9477
9508
9508
9533
9533
9555
9555
9663
9663
9667
9667
9705
9705
9888
9888
9906
9906
9948
9948
9984
9984
