-9999
-9979
-9979
-9942
-9942
-9627
-9627
-9586
-9586
-9525
-9525
-9504
-9504
-9319
-9319
-9253
-9253
-9204
-9204
-9179
-9179
-9064
-9064
-8981
-8981
-8768
-8768
-8653
-8653
-8497
-8497
-8409
-8409
-8365
-8365
-8286
-8286
-8179
-8179
-8080
-8080
-8016
-8016
-8007
-8007
-7945
-7945
-7830
-7830
-7800
-7800
-7795
-7795
-7749
-7749
-7737
-7737
-7578
-7578
-7501
-7501
-7494
-7494
-7480
-7480
-7407
-7407
-7400
-7400
-7358
-7358
-7352
-7352
-7281
-7281
-7227
-7227
-7125
-7125
-7111
-7111
-7035
-7035
-6850
-6850
-6830
-6830
-6752
-6752
-6654
-6654
-6522
-6522
-6463
-6463
-6353
-6353
-6205
-6205
-6096
-6096
-6051
-6051
-6011
-6011
-5952
-5952
-5946
-5946
-5905
-5905
-5875
-5875
-5678
-5678
-5566
-5566
-5531
-5531
-5446
-5446
-5403
-5403
-5205
-5205
-5190
-5190
-5168
-5168
-5116
-5116
-5054
-5054
-4972
-4972
-4782
-4782
-4700
-4700
-4566
-4566
-4361
-4361
-4234
-4234
-4181
-4181
-4163
-4163
-4143
-4143
-4138
-4138
-4096
-4096
-4044
-4044
-3794
-3794
-3753
-3753
-3614
-3614
-3392
-3392
-3353
-3353
-3304
-3304
-3209
-3209
-3206
-3206
-3082
-3082
-2897
-2897
-2854
-2854
-2723
-2723
-2640
-2640
-2440
-2440
-2408
-2408
-2299
-2299
-2142
-2142
-2125
-2125
-1913
-1913
-1760
-1760
-1757
-1757
-1743
-1743
-1704
-1704
-1572
-1572
-1518
-1518
-1414
-1414
-1333
-1333
-1317
-1317
-1250
-1250
-1167
-1167
-1160
-1160
-953
-953
-833
-833
-823
-823
-798
-798
-794
-794
-515
-515
-458
-458
-245
-245
-215
-215
-194
-194
0
0
160
160
248
248
265
265
285
285
329
329
356
356
370
370
419
419
439
439
631
631
633
633
672
672
736
736
904
904
921
921
1008
1008
1016
1016
1137
1137
1169
1169
1259
1259
1275
1275
1511
1511
1521
1521
1757
1757
1938
1938
2040
2040
2052
2052
2088
2088
2399
2399
2595
2595
2825
2825
2869
2869
2911
2911
2933
2933
3079
3079
3227
3227
3231
3231
3291
3291
3342
3342
3401
3401
3403
3403
3440
3440
3885
3885
3932
3932
3940
3940
3951
3951
3956
3956
4013
4013
4037
4037
4271
4271
4552
4552
4587
4587
4658
4658
4744
4744
4819
4819
4873
4873
4899
4899
4904
4904
4914
4914
4966
4966
5096
5096
5147
5147
5194
5194
5289
5289
5384
5384
5436
5436
5500
5500
5538
5538
5736
5736
5853
5853
5991
5991
6079
6079
6095
6095
6133
6133
6318
6318
6325
6325
6351
6351
6418
6418
6431
6431
6555
6555
6577
6577
6754
6754
6913
6913
6922
6922
6966
6966
7092
7092
7098
7098
7152
7152
7174
7174
7212
7212
7221
7221
7335
7335
7567
7567
7649
7649
7707
7707
7825
7825
7969
7969
7999
7999
8104
8104
8133
8133
8323
8323
8343
8343
8377
8377
8443
8443
8446
8446
8500
8500
8504
8504
8621
8621
8676
8676
8718
8718
8741
8741
8798
8798
8824
8824
8842
8842
8872
8872
8923
8923
8924
8924
8986
8986
9000
9000
9060
9060
9077
9077
9135
9135
9137
9137
9168
9168
9416
9416
9497
9497
9505
9505
9530
9530
9539
9539
9551
9551
9675
9675
9804
9804
9925
9925
9940
9940
9967
9967
